%YAML:1.0
---
size: !!opencv-matrix
   rows: 2
   cols: 1
   dt: d
   data: [ 1280., 720. ]
rms: 6.3552181340164704e-01
camera_matrix: !!opencv-matrix
   rows: 3
   cols: 3
   dt: d
   data: [ 3.7413288818862156e+02, 0., 6.3533229147345048e+02, 0.,
       3.7412820616769348e+02, 3.5656126081399600e+02, 0., 0., 1. ]
dist_coefs: !!opencv-matrix
   rows: 5
   cols: 1
   dt: d
   data: [ -1.2085971346893361e-01, 1.3959096516612562e-02,
       -6.2103245222652097e-04, 5.2842449604659409e-04,
       -7.3001017390118611e-04 ]
re_proj_err: 4.7761824345297819e-02
