%YAML:1.0
---
size: !!opencv-matrix
   rows: 2
   cols: 1
   dt: d
   data: [ 1280., 720. ]
rms: 9.1560872911845193e-01
camera_matrix: !!opencv-matrix
   rows: 3
   cols: 3
   dt: d
   data: [ 3.2210619098080348e+02, 0., 6.2342327387306148e+02, 0.,
       3.2210619098080348e+02, 3.6401254030086176e+02, 0., 0., 1. ]
dist_coefs: !!opencv-matrix
   rows: 5
   cols: 1
   dt: d
   data: [ -8.4364153485114043e-02, 6.5623404078027272e-03,
       -3.4724392186444590e-04, 1.4065499062154336e-04,
       -2.2474682116450042e-04 ]
re_proj_err: 6.9472135251502726e-02
